   1.0000000000000000e+00   1.4608947634343504e-04   3.0999667894116446e-04   9.9965279068968127e-01  -5.2548517195712833e-03   1.1658179751923801e-04   6.1724964265875623e-06
   2.0000000000000000e+00   2.6665802155355714e-04   3.7589115077104826e-04   9.9949543666366580e-01  -1.0515493946662180e-02   1.4157720484181527e-04   1.9192108592388355e-04
   3.0000000000000000e+00   3.3791870947581315e-04   4.3528720557534339e-04   9.9928619257473672e-01  -1.5667565769109191e-02   2.0337325643195414e-04   2.9683649154003977e-04
   4.0000000000000000e+00   3.9876363594838629e-04   5.0170941206203058e-04   9.9908221858053547e-01  -2.0787284048311629e-02   2.6743792564672467e-04   3.5915281412720126e-04
   5.0000000000000000e+00   4.6067313866526822e-04   5.6077855210751818e-04   9.9887797597677508e-01  -2.5884497189621342e-02   3.0589087197467146e-04   4.1253239220077811e-04
   6.0000000000000000e+00   5.1073069729978295e-04   6.2168540473096095e-04   9.9861913044855721e-01  -3.0958255611996152e-02   3.7030176860985205e-04   4.5795967722954254e-04
   7.0000000000000000e+00   5.6681332201002866e-04   6.7268334955593843e-04   9.9836349994912577e-01  -3.6026325260162737e-02   4.2411807723337542e-04   4.9767963944266408e-04
   8.0000000000000000e+00   6.2028012269339761e-04   7.2092803367891439e-04   9.9807941624470986e-01  -4.1083088598494945e-02   4.7109340710307967e-04   5.2976354451603636e-04
   9.0000000000000000e+00   6.7186513029962168e-04   7.6348256529178236e-04   9.9776741279770409e-01  -4.6120659500569233e-02   5.0835121695369664e-04   5.5805588206362885e-04
   1.0000000000000000e+01   7.2130325490463133e-04   8.0154605806263129e-04   9.9744714060991091e-01  -5.1160927731082384e-02   5.6225657760909978e-04   5.8770952421220138e-04
   1.1000000000000000e+01   7.6766878254213656e-04   8.3811189879057853e-04   9.9709906322056574e-01  -5.6192570724832358e-02   6.0368070320148239e-04   6.0864756283042455e-04
   1.2000000000000000e+01   8.1437882540187612e-04   8.7217671849025558e-04   9.9672675375647535e-01  -6.1213499662308400e-02   6.3817657470641349e-04   6.3047601657702365e-04
   1.3000000000000000e+01   8.5598149946605013e-04   9.0379732227907649e-04   9.9633878862177461e-01  -6.6236543619109550e-02   6.8684791600879007e-04   6.4625594094955274e-04
   1.4000000000000000e+01   9.0097521511774451e-04   9.3341084070408672e-04   9.9592762869697915e-01  -7.1249928104571772e-02   7.2429616839619188e-04   6.6128011519046436e-04
   1.5000000000000000e+01   9.4256991113250677e-04   9.6201007968355697e-04   9.9548968219868872e-01  -7.6256349055709410e-02   7.5656340192327214e-04   6.7761302855283705e-04
   1.6000000000000000e+01   9.8296477101818009e-04   9.8796196348650660e-04   9.9503484334627590e-01  -8.1265522992210390e-02   7.9929457788994053e-04   6.8904292331327182e-04
   1.7000000000000000e+01   1.0219576681841801e-03   1.0148045655563522e-03   9.9454948723989278e-01  -8.6271764351589467e-02   8.3568330334777695e-04   6.9784298385455539e-04
   1.8000000000000000e+01   1.0615537145186324e-03   1.0394248393932671e-03   9.9403713728129206e-01  -9.1269675444494131e-02   8.6345709122638754e-04   7.1005170469928261e-04
   1.9000000000000000e+01   1.0976090032612542e-03   1.0628605968122447e-03   9.9351332154496796e-01  -9.6265260391955168e-02   9.0859946215634960e-04   7.1820854865816026e-04
   2.0000000000000000e+01   1.1358277573931010e-03   1.0857821118416683e-03   9.9295692464222884e-01  -1.0125480571293902e-01   9.4279643634658460e-04   7.2604232520828964e-04
   2.1000000000000000e+01   1.1740914282548187e-03   1.1063188427642681e-03   9.9237304210462018e-01  -1.0623915962181560e-01   9.6804025146511553e-04   7.3538904927726210e-04
   2.2000000000000000e+01   1.2102714756089623e-03   1.1278209233358248e-03   9.9177241998331844e-01  -1.1122552709454488e-01   1.0077385566656055e-03   7.3756926463543811e-04
   2.3000000000000000e+01   1.2474203807610912e-03   1.1471899798229069e-03   9.9114377093108197e-01  -1.1620094510546394e-01   1.0401171160195279e-03   7.4337280137223274e-04
   2.4000000000000000e+01   1.2799551083435697e-03   1.1669434570214824e-03   9.9049114578595032e-01  -1.2117513875268528e-01   1.0757827293796634e-03   7.4725632861298162e-04
   2.5000000000000000e+01   1.3166409756752971e-03   1.1854942320501582e-03   9.8981264777004330e-01  -1.2613638265730109e-01   1.1048919175726730e-03   7.5119394435195909e-04
   2.6000000000000000e+01   1.3510351468690013e-03   1.2028807449289956e-03   9.8911159038239493e-01  -1.3109585913424465e-01   1.1395600917620302e-03   7.5590738510748106e-04
   2.7000000000000000e+01   1.3861380894510317e-03   1.2207270839619739e-03   9.8838799553956602e-01  -1.3605775309469539e-01   1.1711559159332681e-03   7.5601146055164295e-04
   2.8000000000000000e+01   1.4199308900524398e-03   1.2356305423404262e-03   9.8763407286445781e-01  -1.4100855885803662e-01   1.2031654659026070e-03   7.5758941845643197e-04
   2.9000000000000000e+01   1.4543302311208935e-03   1.2506051355475709e-03   9.8685697004937545e-01  -1.4595661100129018e-01   1.2339704712760094e-03   7.5858885426562626e-04
   3.0000000000000000e+01   1.4877155388294538e-03   1.2671161826375997e-03   9.8605735304544506e-01  -1.5089762240225782e-01   1.2653846574905657e-03   7.5994528948242993e-04
   3.1000000000000000e+01   1.5214295761107823e-03   1.2825810323590554e-03   9.8523317031165292e-01  -1.5583126668792896e-01   1.2948705334742386e-03   7.5762446209233297e-04
   3.2000000000000000e+01   1.5538784956950914e-03   1.2960977075492592e-03   9.8438542503055870e-01  -1.6076210985643469e-01   1.3268266815459184e-03   7.5599817525828317e-04
   3.3000000000000000e+01   1.5871533683497335e-03   1.3099534896960140e-03   9.8351334848619587e-01  -1.6568371138460555e-01   1.3554203763646872e-03   7.5320385730656377e-04
   3.4000000000000000e+01   1.6208769875771922e-03   1.3221773899068441e-03   9.8261746860832755e-01  -1.7060902398887112e-01   1.3842723856502231e-03   7.5165399515467884e-04
   3.5000000000000000e+01   1.6535215618849446e-03   1.3348955750118888e-03   9.8169462893302328e-01  -1.7551997773490952e-01   1.4137277136644219e-03   7.4836934673062623e-04
   3.6000000000000000e+01   1.6855481788051016e-03   1.3459114994355409e-03   9.8074912673896897e-01  -1.8042566551465120e-01   1.4452363296062684e-03   7.4785443326692499e-04
   3.7000000000000000e+01   1.7180221139559894e-03   1.3582144005221306e-03   9.7978388274340245e-01  -1.8532795024810780e-01   1.4759423106069753e-03   7.4160454013860288e-04
   3.8000000000000000e+01   1.7502767259636926e-03   1.3696577344249432e-03   9.7879158661190402e-01  -1.9022440928863513e-01   1.5048742048342297e-03   7.3519720149221694e-04
   3.9000000000000000e+01   1.7827482458575663e-03   1.3784623036297446e-03   9.7777400233633005e-01  -1.9511280228832795e-01   1.5333617420770012e-03   7.3119977984847223e-04
   4.0000000000000000e+01   1.8138284278327341e-03   1.3890596093841371e-03   9.7673075403090381e-01  -1.9999811781089169e-01   1.5634016362734112e-03   7.2459692244315808e-04
   4.1000000000000000e+01   1.8468269683811181e-03   1.3979395955907590e-03   9.7566491525523968e-01  -2.0487416152021548e-01   1.5897769457846587e-03   7.1766333202473703e-04
   4.2000000000000000e+01   1.8775191083792626e-03   1.4081394596213795e-03   9.7457873070600687e-01  -2.0974350815815446e-01   1.6199572976045105e-03   7.1031484711252333e-04
   4.3000000000000000e+01   1.9106513737213884e-03   1.4166621313785981e-03   9.7346524246495281e-01  -2.1460742832211405e-01   1.6480997693628873e-03   7.0256687604476349e-04
   4.4000000000000000e+01   1.9417306017545258e-03   1.4242417415904244e-03   9.7232883962351235e-01  -2.1946637443457875e-01   1.6768132869425453e-03   6.9561381477788609e-04
   4.5000000000000000e+01   1.9741813932316553e-03   1.4327968060911336e-03   9.7116969530347008e-01  -2.2431626822400938e-01   1.7046165994665100e-03   6.8426036969513725e-04
   4.6000000000000000e+01   2.0047545904943024e-03   1.4395992964194482e-03   9.6998477103275560e-01  -2.2916366836715105e-01   1.7324563221958530e-03   6.7617371192096962e-04
   4.7000000000000000e+01   2.0356971084666063e-03   1.4455926798910388e-03   9.6877277803482842e-01  -2.3400232093804813e-01   1.7586634598148118e-03   6.6753217864533212e-04
   4.8000000000000000e+01   2.0669933033234944e-03   1.4530751350433212e-03   9.6753903683695031e-01  -2.3882932543064492e-01   1.7868751535046147e-03   6.5745745522761295e-04
   4.9000000000000000e+01   2.0978928116859906e-03   1.4595657744402855e-03   9.6628323355979362e-01  -2.4365305561991440e-01   1.8123541334259226e-03   6.4640728447195933e-04
   5.0000000000000000e+01   2.1284191845819850e-03   1.4646415191124776e-03   9.6500518373478805e-01  -2.4846774497936305e-01   1.8416180107593966e-03   6.3766012039633869e-04
   5.1000000000000000e+01   2.1597745080140780e-03   1.4704148099153531e-03   9.6370219715895689e-01  -2.5327901171082251e-01   1.8702367862260213e-03   6.2592211241795526e-04
   5.2000000000000000e+01   2.1901652163912352e-03   1.4747965128936516e-03   9.6237546920322481e-01  -2.5808173926182282e-01   1.8974752276739643e-03   6.1400664363131714e-04
   5.3000000000000000e+01   2.2205731456433862e-03   1.4796473530131816e-03   9.6102498461603059e-01  -2.6287691144068298e-01   1.9241080860345156e-03   6.0180917736933843e-04
   5.4000000000000000e+01   2.2518121192070064e-03   1.4842311336101860e-03   9.5964732433032873e-01  -2.6765992402331473e-01   1.9484638285126375e-03   5.8886632588125054e-04
   5.5000000000000000e+01   2.2809982333447660e-03   1.4882034356723198e-03   9.5825186781518235e-01  -2.7243611894663777e-01   1.9781840832755488e-03   5.7746786274157167e-04
   5.6000000000000000e+01   2.3121981673202259e-03   1.4930131378640835e-03   9.5683190734832413e-01  -2.7720860335832098e-01   2.0045688583040784e-03   5.6654258219005003e-04
   5.7000000000000000e+01   2.3418743330734346e-03   1.4971290709750061e-03   9.5538974580345848e-01  -2.8196887628104783e-01   2.0339278862965835e-03   5.5329372528320985e-04
   5.8000000000000000e+01   2.3726462535044795e-03   1.5035724863647930e-03   9.5392639255346146e-01  -2.8672154149462187e-01   2.0637978547346091e-03   5.3689265136054468e-04
   5.9000000000000000e+01   2.4070797621507938e-03   1.5055565704177850e-03   9.5244058149332678e-01  -2.9147140860044179e-01   2.0936168793637489e-03   5.2252312358748486e-04
   6.0000000000000000e+01   2.4394929381165260e-03   1.5079344993523789e-03   9.5093376226896220e-01  -2.9621249813950534e-01   2.1228948204436251e-03   5.0083641417499655e-04
   6.1000000000000000e+01   2.4714267197115448e-03   1.5077731012346914e-03   9.4939768371694355e-01  -3.0095312161407561e-01   2.1464739987662393e-03   4.7860653915689525e-04
   6.2000000000000000e+01   2.5034191323832929e-03   1.5070656867342967e-03   9.4783453290446251e-01  -3.0568245224685103e-01   2.1701903291966927e-03   4.5923768078956310e-04
   6.3000000000000000e+01   2.5330145549328758e-03   1.5053613138662563e-03   9.4624628005880540e-01  -3.1040015097076801e-01   2.1905308267781572e-03   4.4112695738586115e-04
   6.4000000000000000e+01   2.5631330475320018e-03   1.5049958698271956e-03   9.4463649222361834e-01  -3.1510813682948763e-01   2.2112560310821854e-03   4.2363040420310472e-04
   6.5000000000000000e+01   2.5915829272909583e-03   1.5050288617024005e-03   9.4300206809814202e-01  -3.1980718108873252e-01   2.2349092072886361e-03   4.0683923155263317e-04
   6.6000000000000000e+01   2.6206010949597486e-03   1.5032365638137182e-03   9.4135192543668189e-01  -3.2449058428326621e-01   2.2576821552922634e-03   3.9288666809645495e-04
   6.7000000000000000e+01   2.6503452443579086e-03   1.5034299024480179e-03   9.3967573859457898e-01  -3.2916672441138595e-01   2.2793387738329323e-03   3.7370591554599687e-04
   6.8000000000000000e+01   2.6792977032432143e-03   1.5037356466967443e-03   9.3797398198148974e-01  -3.3383892759544231e-01   2.3022886910642019e-03   3.5431550109939810e-04
   6.9000000000000000e+01   2.7092302743017970e-03   1.5019926974612120e-03   9.3624967315195695e-01  -3.3849801674852859e-01   2.3161151538985411e-03   3.3496610788354532e-04
   7.0000000000000000e+01   2.7390433102423115e-03   1.5011725471450073e-03   9.3450698050159520e-01  -3.4314851510955513e-01   2.3385713470348455e-03   3.1481035200958750e-04
   7.1000000000000000e+01   2.7677196455914302e-03   1.4991967791842310e-03   9.3273886548153917e-01  -3.4778903924231619e-01   2.3598412345866887e-03   2.9693255476955340e-04
   7.2000000000000000e+01   2.7977038309535142e-03   1.4980402362692214e-03   9.3094804153553212e-01  -3.5242336130168311e-01   2.3790021420565226e-03   2.7539953135604354e-04
   7.3000000000000000e+01   2.8269567095403456e-03   1.4960097644027232e-03   9.2913491497383882e-01  -3.5705059437496506e-01   2.4000412773853602e-03   2.5388853302870436e-04
   7.4000000000000000e+01   2.8567279485526911e-03   1.4923767854517584e-03   9.2729824237863256e-01  -3.6166441479404843e-01   2.4184980732918516e-03   2.3506341470786373e-04
   7.5000000000000000e+01   2.8848267369760115e-03   1.4901072773270475e-03   9.2544004402103230e-01  -3.6626580978844608e-01   2.4389734816325304e-03   2.1469102559019590e-04
   7.6000000000000000e+01   2.9141742079636574e-03   1.4864263573859985e-03   9.2355770391404501e-01  -3.7086381436107141e-01   2.4594988055970587e-03   1.9211582356637013e-04
   7.7000000000000000e+01   2.9442991136941861e-03   1.4843238297913373e-03   9.2165255364519671e-01  -3.7544914219236059e-01   2.4783325899836737e-03   1.6832536402350252e-04
   7.8000000000000000e+01   2.9732721919946692e-03   1.4801561867174298e-03   9.1972541503144312e-01  -3.8001934003217508e-01   2.4969508111236122e-03   1.4961512530617610e-04
   7.9000000000000000e+01   3.0021992331513022e-03   1.4756209058973803e-03   9.1777805538090240e-01  -3.8457992702449950e-01   2.5169087043836460e-03   1.2913564435533108e-04
   8.0000000000000000e+01   3.0313520687735643e-03   1.4724857242114893e-03   9.1580556104203426e-01  -3.8913584369307253e-01   2.5342560853619739e-03   1.0404226721432656e-04
   8.1000000000000000e+01   3.0596562434001681e-03   1.4681217007729093e-03   9.1381341730400745e-01  -3.9367738858289053e-01   2.5521022273239458e-03   8.1405910314091140e-05
   8.2000000000000000e+01   3.0881917277175543e-03   1.4623187812422952e-03   9.1179821412065398e-01  -3.9820787737077790e-01   2.5698754305092351e-03   6.1230926814038935e-05
   8.3000000000000000e+01   3.1165672997780980e-03   1.4574008955272936e-03   9.0975794335122517e-01  -4.0273208470559740e-01   2.5860134881409628e-03   3.7477399286629104e-05
   8.4000000000000000e+01   3.1455063240241835e-03   1.4522184557677694e-03   9.0769565548448417e-01  -4.0724863771990116e-01   2.6043064076167813e-03   1.1511234165394613e-05
   8.5000000000000000e+01   3.1740696624656191e-03   1.4462799500826054e-03   9.0561434448234357e-01  -4.1174993657173609e-01   2.6189763116395513e-03  -8.9239387010865701e-06
   8.6000000000000000e+01   3.2026644105242717e-03   1.4395939012926430e-03   9.0351162898053061e-01  -4.1623949770194069e-01   2.6358423497658268e-03  -2.9937260641311764e-05
   8.7000000000000000e+01   3.2314260097135315e-03   1.4354839608381434e-03   9.0138105945540214e-01  -4.2072245871868830e-01   2.6514213243545161e-03  -5.8313621936161367e-05
   8.8000000000000000e+01   3.2605197804869528e-03   1.4283744341930507e-03   8.9923147868440545e-01  -4.2518837716352192e-01   2.6655222114196500e-03  -8.1779631895921145e-05
   8.9000000000000000e+01   3.2878255559581748e-03   1.4222107957747707e-03   8.9706421059477481e-01  -4.2963995556832379e-01   2.6801028213006388e-03  -1.0368969780397662e-04
   9.0000000000000000e+01   3.3168789975995708e-03   1.4154718527814862e-03   8.9486996022381005e-01  -4.3408604669723483e-01   2.6957280628433947e-03  -1.2760667448751591e-04
   9.1000000000000000e+01   3.3449552693269567e-03   1.4081891713925792e-03   8.9265359206767458e-01  -4.3852672405859000e-01   2.7095211958129087e-03  -1.5529425947123122e-04
   9.2000000000000000e+01   3.3725761069644559e-03   1.4005091371363943e-03   8.9041812818521215e-01  -4.4295022847370530e-01   2.7234222698423877e-03  -1.7695512507582591e-04
   9.3000000000000000e+01   3.4001100681107792e-03   1.3933167379874226e-03   8.8816211757524477e-01  -4.4735657743622992e-01   2.7373939293766276e-03  -2.0000390252750740e-04
   9.4000000000000000e+01   3.4288841115611419e-03   1.3861011259751279e-03   8.8588042665277777e-01  -4.5175821646246839e-01   2.7492335562981202e-03  -2.2794747470914357e-04
   9.5000000000000000e+01   3.4562507263957345e-03   1.3773862436877702e-03   8.8357653900507638e-01  -4.5614923923044259e-01   2.7630623280046340e-03  -2.5285836038592240e-04
   9.6000000000000000e+01   3.4841981862001690e-03   1.3693914441096080e-03   8.8125727736656645e-01  -4.6052018343525325e-01   2.7729517101054281e-03  -2.7663926241477130e-04
   9.7000000000000000e+01   3.5114775682225760e-03   1.3607890295302188e-03   8.7891039330151299e-01  -4.6488485689929471e-01   2.7861326573845558e-03  -3.0477130486804890e-04
   9.8000000000000000e+01   3.5401634163736550e-03   1.3514951920092788e-03   8.7654535821516222e-01  -4.6923246153174325e-01   2.7974022541608309e-03  -3.2818769434840101e-04
   9.9000000000000000e+01   3.5657529583284693e-03   1.3422835436784643e-03   8.7415819928856409e-01  -4.7357079921343653e-01   2.8105418136603658e-03  -3.5369992878113085e-04
   1.0000000000000000e+02   3.5936175714836515e-03   1.3334990857555339e-03   8.7175237573988740e-01  -4.7789573037361877e-01   2.8218328719790018e-03  -3.7722305909903848e-04
   1.0100000000000000e+02   3.6213577011513496e-03   1.3239345135811842e-03   8.6932189240613100e-01  -4.8221177682430844e-01   2.8333840625910339e-03  -4.0278846655642919e-04
   1.0200000000000000e+02   3.6489600517526648e-03   1.3147915126663838e-03   8.6687244558403942e-01  -4.8650965033816573e-01   2.8462806181459061e-03  -4.3017348966621497e-04
   1.0300000000000000e+02   3.6755480970051767e-03   1.3057525854606507e-03   8.6439680657088458e-01  -4.9080422716823557e-01   2.8570481785470335e-03  -4.5894954090755892e-04
   1.0400000000000000e+02   3.7024410762703844e-03   1.2958594047938830e-03   8.6190613486700918e-01  -4.9507674000623203e-01   2.8689161806192721e-03  -4.8332770898005953e-04
   1.0500000000000000e+02   3.7299252939897096e-03   1.2846363268498905e-03   8.5938768584045155e-01  -4.9934800584989214e-01   2.8785925829476039e-03  -5.1219211754299776e-04
   1.0600000000000000e+02   3.7560644263802167e-03   1.2734990830581931e-03   8.5685493681250513e-01  -5.0359169856830910e-01   2.8895510440733766e-03  -5.3435694371287493e-04
   1.0700000000000000e+02   3.7825588419656974e-03   1.2629152384312059e-03   8.5429429048801331e-01  -5.0783436968062190e-01   2.9002223715349999e-03  -5.5976366982300784e-04
   1.0800000000000000e+02   3.8093687872820495e-03   1.2524254349877994e-03   8.5172248165284115e-01  -5.1205029854134276e-01   2.9096198298726706e-03  -5.8174835146335493e-04
   1.0900000000000000e+02   3.8349339799259143e-03   1.2413754347406873e-03   8.4912519650360019e-01  -5.1626173037194389e-01   2.9221022371317970e-03  -6.0732246934848107e-04
   1.1000000000000000e+02   3.8616088944851638e-03   1.2310027773828262e-03   8.4651148345584004e-01  -5.2044948735429752e-01   2.9314221946802163e-03  -6.3071416226610603e-04
   1.1100000000000000e+02   3.8880132180637303e-03   1.2208152449947798e-03   8.4387200946309782e-01  -5.2463625692239801e-01   2.9426676152549650e-03  -6.5674478832698866e-04
   1.1200000000000000e+02   3.9137987747509166e-03   1.2084976368069789e-03   8.4121762353364948e-01  -5.2880114992905514e-01   2.9555840892080036e-03  -6.8031686875998044e-04
   1.1300000000000000e+02   3.9399954252522535e-03   1.1991982554175823e-03   8.3853916792617755e-01  -5.3295726683507105e-01   2.9693225124376621e-03  -7.0894904803063454e-04
   1.1400000000000000e+02   3.9653986676062925e-03   1.1881586048258998e-03   8.3583938810953595e-01  -5.3710485082665038e-01   2.9820588891800587e-03  -7.3599259903602433e-04
   1.1500000000000000e+02   3.9931474461114289e-03   1.1774259303937540e-03   8.3312305273881604e-01  -5.4123344218185521e-01   2.9943401956998841e-03  -7.6420174670463123e-04
   1.1600000000000000e+02   4.0190170271078296e-03   1.1660669485901087e-03   8.3038706869379453e-01  -5.4534851331835099e-01   3.0093765698447940e-03  -7.9231865618668981e-04
   1.1700000000000000e+02   4.0474024661752168e-03   1.1551826566188628e-03   8.2763176198325772e-01  -5.4945112256006889e-01   3.0202764402141504e-03  -8.2142597265280962e-04
   1.1800000000000000e+02   4.0748675348940624e-03   1.1438026194919980e-03   8.2485675440276185e-01  -5.5353997828241797e-01   3.0315140876482180e-03  -8.4900254744235638e-04
   1.1900000000000000e+02   4.1018570175251918e-03   1.1307000565089231e-03   8.2206162282126150e-01  -5.5761389138491335e-01   3.0412165842266126e-03  -8.7541494555841122e-04
   1.2000000000000000e+02   4.1299123375576402e-03   1.1179115982878302e-03   8.1924317733716800e-01  -5.6167572720266157e-01   3.0503819240310856e-03  -9.0575341315357778e-04
   1.2100000000000000e+02   4.1564147687499064e-03   1.1042978574685156e-03   8.1640392636784109e-01  -5.6572321713417495e-01   3.0610358753127942e-03  -9.3218779644681487e-04
   1.2200000000000000e+02   4.1847054031135984e-03   1.0907736985734928e-03   8.1354423136808585e-01  -5.6975655785333956e-01   3.0692629190274298e-03  -9.6193585178342431e-04
   1.2300000000000000e+02   4.2106118166562855e-03   1.0777910923032254e-03   8.1066926225968883e-01  -5.7377423640545500e-01   3.0813170216350580e-03  -9.9201335582092907e-04
   1.2400000000000000e+02   4.2382930561049087e-03   1.0650300159612887e-03   8.0777140145808779e-01  -5.7778122634037410e-01   3.0913204665481845e-03  -1.0217815205295858e-03
   1.2500000000000000e+02   4.2663338619022871e-03   1.0506146358123137e-03   8.0485651052497253e-01  -5.8177153932951853e-01   3.1007149949153420e-03  -1.0520510765771700e-03
   1.2600000000000000e+02   4.2944956291760122e-03   1.0357025086929917e-03   8.0191875474943297e-01  -5.8574889983853773e-01   3.1079211145241836e-03  -1.0821588568550437e-03
   1.2700000000000000e+02   4.3223627226112041e-03   1.0187846760171186e-03   7.9895642363847375e-01  -5.8971281621633886e-01   3.1143353476873804e-03  -1.1116977181508478e-03
   1.2800000000000000e+02   4.3494922905784545e-03   1.0037669981448501e-03   7.9597621310446010e-01  -5.9366095949870978e-01   3.1221435837213503e-03  -1.1412863338819889e-03
   1.2900000000000000e+02   4.3768669042363447e-03   9.8618203794430931e-04   7.9297507040865822e-01  -5.9758946392497070e-01   3.1242992367433563e-03  -1.1704818414824286e-03
   1.3000000000000000e+02   4.4015110990757011e-03   9.6941789154234026e-04   7.8995229269995193e-01  -6.0150373433580584e-01   3.1317862648413998e-03  -1.1963457955643658e-03
   1.3100000000000000e+02   4.4272523872065789e-03   9.5208280188494661e-04   7.8691182159272499e-01  -6.0539838634612442e-01   3.1370759854865574e-03  -1.2229537289705859e-03
   1.3200000000000000e+02   4.4532686283140352e-03   9.3511426881331245e-04   7.8385297400292153e-01  -6.0927735646626291e-01   3.1413143114589828e-03  -1.2477967014841058e-03
   1.3300000000000000e+02   4.4772058792298328e-03   9.1838327195429203e-04   7.8077386874611743e-01  -6.1314059107314411e-01   3.1489941723955731e-03  -1.2730875084725627e-03
   1.3400000000000000e+02   4.5024271731430414e-03   9.0129178594664265e-04   7.7767693605745269e-01  -6.1698838631773201e-01   3.1564986926051249e-03  -1.2994342111586630e-03
   1.3500000000000000e+02   4.5273653110148469e-03   8.8412799991816841e-04   7.7456146883086907e-01  -6.2082078482521830e-01   3.1676275268811768e-03  -1.3258149730648507e-03
   1.3600000000000000e+02   4.5520064571714794e-03   8.6677127394134781e-04   7.7142725614836427e-01  -6.2463751671677803e-01   3.1747377263474891e-03  -1.3536295054075867e-03
   1.3700000000000000e+02   4.5771872569463105e-03   8.5031733011467785e-04   7.6827511467219500e-01  -6.2843781131475662e-01   3.1817669065809760e-03  -1.3810805574752871e-03
   1.3800000000000000e+02   4.6007372382684628e-03   8.3372687869088581e-04   7.6510589582387378e-01  -6.3221915557153696e-01   3.1904724776168659e-03  -1.4075352355256568e-03
   1.3900000000000000e+02   4.6252796070332071e-03   8.1608798883224878e-04   7.6191851149450573e-01  -6.3598404652309992e-01   3.1964990553962581e-03  -1.4342328944439882e-03
   1.4000000000000000e+02   4.6493513257500878e-03   7.9801329561416702e-04   7.5871507952830741e-01  -6.3973122985061626e-01   3.2056979056059691e-03  -1.4603380273801939e-03
   1.4100000000000000e+02   4.6741071743078271e-03   7.8138502275316177e-04   7.5549171021542927e-01  -6.4346578796938414e-01   3.2134480503781624e-03  -1.4892020413120460e-03
   1.4200000000000000e+02   4.6981158649094367e-03   7.6376303661693321e-04   7.5224878402380502e-01  -6.4718584646841470e-01   3.2212175611464962e-03  -1.5188806235646004e-03
   1.4300000000000000e+02   4.7233354473949236e-03   7.4579932965078487e-04   7.4899020350433354e-01  -6.5088731335804950e-01   3.2275175465252964e-03  -1.5473537366738621e-03
   1.4400000000000000e+02   4.7468884837423000e-03   7.2713844916716733e-04   7.4571313985515952e-01  -6.5456964116541494e-01   3.2332492886578525e-03  -1.5721931836470008e-03
   1.4500000000000000e+02   4.7716236051846420e-03   7.0941989226798886e-04   7.4241880905279956e-01  -6.5823330216088194e-01   3.2401351647224821e-03  -1.6011537195864999e-03
   1.4600000000000000e+02   4.7960896067904624e-03   6.9183800512063033e-04   7.3910449752462004e-01  -6.6188664938255160e-01   3.2466544833617437e-03  -1.6311387364124248e-03
   1.4700000000000000e+02   4.8197241217229738e-03   6.7295734294919233e-04   7.3577122244084348e-01  -6.6552410344563973e-01   3.2531762720646568e-03  -1.6600667380231391e-03
   1.4800000000000000e+02   4.8441253863847457e-03   6.5496167166801864e-04   7.3242397084521149e-01  -6.6914222470566698e-01   3.2590645145478365e-03  -1.6901818920078996e-03
   1.4900000000000000e+02   4.8684684902862039e-03   6.3615543430609208e-04   7.2906014751760972e-01  -6.7273663167707443e-01   3.2631886028978594e-03  -1.7180543912439740e-03
   1.5000000000000000e+02   4.8931304421197669e-03   6.1659209954895502e-04   7.2567643002347582e-01  -6.7632044358141463e-01   3.2681359759697752e-03  -1.7475460620662141e-03
   1.5100000000000000e+02   4.9164163717338102e-03   5.9757541608129055e-04   7.2227373967737007e-01  -6.7988997284282815e-01   3.2730893934640776e-03  -1.7795847878880940e-03
   1.5200000000000000e+02   4.9399909461255087e-03   5.7674312591204121e-04   7.1885358545013889e-01  -6.8344243060058563e-01   3.2773364441218899e-03  -1.8106354513782426e-03
   1.5300000000000000e+02   4.9644398297578208e-03   5.5716285965430384e-04   7.1541684493518765e-01  -6.8697633834671468e-01   3.2812154562973082e-03  -1.8409066564825261e-03
   1.5400000000000000e+02   4.9885959126788823e-03   5.3742133438280471e-04   7.1196607227581798e-01  -6.9048953121349232e-01   3.2859549408419900e-03  -1.8711377560426991e-03
   1.5500000000000000e+02   5.0113431867813973e-03   5.1668675723045697e-04   7.0849555762229011e-01  -6.9398540528987895e-01   3.2886243657641186e-03  -1.8995589201317147e-03
   1.5600000000000000e+02   5.0354756943505425e-03   4.9789398338349921e-04   7.0500956769141976e-01  -6.9746448421084017e-01   3.2929996562585484e-03  -1.9324665104595122e-03
   1.5700000000000000e+02   5.0582095954580485e-03   4.7651615785573300e-04   7.0150422982196792e-01  -7.0092762760779448e-01   3.2959974595065211e-03  -1.9639171878193971e-03
   1.5800000000000000e+02   5.0824489941379150e-03   4.5629327449212703e-04   6.9798473076558643e-01  -7.0437092295917381e-01   3.2989868747935578e-03  -1.9960092478880564e-03
   1.5900000000000000e+02   5.1044640112603255e-03   4.3500685507135036e-04   6.9445037214140382e-01  -7.0779505696379597e-01   3.3024701400368277e-03  -2.0248896197034676e-03
   1.6000000000000000e+02   5.1275044332858106e-03   4.1470026025637298e-04   6.9090071141243969e-01  -7.1120277093564022e-01   3.3058363401126016e-03  -2.0568284461323777e-03
   1.6100000000000000e+02   5.1512392859871499e-03   3.9236474388558651e-04   6.8732877262132530e-01  -7.1459484246473737e-01   3.3075406209040468e-03  -2.0893018479789614e-03
   1.6200000000000000e+02   5.1748896782034945e-03   3.7157012592750946e-04   6.8373829336807013e-01  -7.1797013924767816e-01   3.3089635257313749e-03  -2.1230307077947652e-03
   1.6300000000000000e+02   5.1966278319737847e-03   3.4983201839289827e-04   6.8013813692446234e-01  -7.2132250917092389e-01   3.3112372078496813e-03  -2.1553732911178359e-03
   1.6400000000000000e+02   5.2196292523535009e-03   3.2885778033711545e-04   6.7652381267514605e-01  -7.2465457569999814e-01   3.3127684547608195e-03  -2.1874471420703732e-03
   1.6500000000000000e+02   5.2413980495956509e-03   3.0704579296496971e-04   6.7288769241137569e-01  -7.2797210931494671e-01   3.3147506184853016e-03  -2.2206828532577820e-03
   1.6600000000000000e+02   5.2655201196753071e-03   2.8445569989297661e-04   6.6923459821529474e-01  -7.3127381464507935e-01   3.3141112366318749e-03  -2.2551445474639402e-03
   1.6700000000000000e+02   5.2869356420151220e-03   2.6157604378447547e-04   6.6556980496944163e-01  -7.3455319752440162e-01   3.3167881017748145e-03  -2.2877945277280844e-03
   1.6800000000000000e+02   5.3095989816361851e-03   2.3870918180948726e-04   6.6188938170383516e-01  -7.3781386337582544e-01   3.3173517959185395e-03  -2.3208910382950610e-03
   1.6900000000000000e+02   5.3304178794388868e-03   2.1741830631391996e-04   6.5819098594953129e-01  -7.4105562340957110e-01   3.3189977166974858e-03  -2.3560453130647696e-03
   1.7000000000000000e+02   5.3536359724395671e-03   1.9337193013241197e-04   6.5447358667556943e-01  -7.4428441949526714e-01   3.3191823141339627e-03  -2.3925036312567359e-03
   1.7100000000000000e+02   5.3758672484880204e-03   1.7113023675304363e-04   6.5074146410486522e-01  -7.4749235338666276e-01   3.3187755662372580e-03  -2.4274457174213570e-03
   1.7200000000000000e+02   5.3970099058450096e-03   1.4770012504353983e-04   6.4699835980071430e-01  -7.5067651525377177e-01   3.3195815364147263e-03  -2.4631003771247535e-03
   1.7300000000000000e+02   5.4186799713462439e-03   1.2434035983288895e-04   6.4323765189380866e-01  -7.5384320576756803e-01   3.3202430083592149e-03  -2.4981956561023937e-03
   1.7400000000000000e+02   5.4403050788275446e-03   1.0036887239755586e-04   6.3945998472222487e-01  -7.5699441147971580e-01   3.3180544323529494e-03  -2.5334798926103441e-03
   1.7500000000000000e+02   5.4617739865603712e-03   7.7191723556261225e-05   6.3566964526933345e-01  -7.6012384791345322e-01   3.3173817953575753e-03  -2.5687387593394525e-03
   1.7600000000000000e+02   5.4817915649807147e-03   5.3995570161689299e-05   6.3186630034467506e-01  -7.6323115544568010e-01   3.3178399711121546e-03  -2.6043677561564437e-03
   1.7700000000000000e+02   5.5036530239448416e-03   2.9792487785822061e-05   6.2804985399594659e-01  -7.6631786714417816e-01   3.3169550443937195e-03  -2.6400584092135240e-03
   1.7800000000000000e+02   5.5245802953438053e-03   6.0374680710266944e-06   6.2421032591058645e-01  -7.6939282782076035e-01   3.3148658468976381e-03  -2.6779291180683727e-03
   1.7900000000000000e+02   5.5440315545636932e-03  -1.9302435183711000e-05   6.2035660889736954e-01  -7.7244790777688876e-01   3.3118084363404094e-03  -2.7112343406808740e-03
   1.8000000000000000e+02   5.5647157901172256e-03  -4.2617664751799649e-05   6.1649479178023348e-01  -7.7547800734504235e-01   3.3109992144012448e-03  -2.7478243203868926e-03
   1.8100000000000000e+02   5.5851932666225266e-03  -6.6154163297109318e-05   6.1261818214924180e-01  -7.7848938367366260e-01   3.3083406506999257e-03  -2.7858591492855387e-03
   1.8200000000000000e+02   5.6037428658208630e-03  -9.0938598121854104e-05   6.0872588936386152e-01  -7.8148578569993432e-01   3.3069102499587856e-03  -2.8234355739158454e-03
   1.8300000000000000e+02   5.6250372381334325e-03  -1.1565392850269836e-04   6.0482260755426831e-01  -7.8445893910073350e-01   3.3037999644622298e-03  -2.8614452544722564e-03
   1.8400000000000000e+02   5.6452228167849098e-03  -1.3837546553812605e-04   6.0090676478868355e-01  -7.8741293471363571e-01   3.3011252779788685e-03  -2.9025152838775504e-03
   1.8500000000000000e+02   5.6657978816820895e-03  -1.6149981685040002e-04   5.9696986687991072e-01  -7.9035210913142040e-01   3.2992367085468571e-03  -2.9434479497183379e-03
   1.8600000000000000e+02   5.6862362904393504e-03  -1.8676817615567701e-04   5.9302257665965341e-01  -7.9327054556706134e-01   3.2951928872402311e-03  -2.9842377093635781e-03
   1.8700000000000000e+02   5.7068065694819009e-03  -2.0977151800763378e-04   5.8906049504559688e-01  -7.9617275706811574e-01   3.2904139514993991e-03  -3.0244123948598026e-03
   1.8800000000000000e+02   5.7279969269333209e-03  -2.3501836651827551e-04   5.8508657356589278e-01  -7.9905405021438991e-01   3.2837916700159207e-03  -3.0660499363655480e-03
   1.8900000000000000e+02   5.7501243120427403e-03  -2.5991761347039181e-04   5.8109323256664980e-01  -8.0192040948423438e-01   3.2733770287445051e-03  -3.1090511752415867e-03
   1.9000000000000000e+02   5.7715372072795071e-03  -2.8550309573005793e-04   5.7708499154227089e-01  -8.0476460954003448e-01   3.2638907861641557e-03  -3.1474727170675816e-03
   1.9100000000000000e+02   5.7923885635194445e-03  -3.1133022689840953e-04   5.7306964520729708e-01  -8.0758203664577699e-01   3.2537961504515113e-03  -3.1879152447172269e-03
   1.9200000000000000e+02   5.8137926385113756e-03  -3.3876585289229340e-04   5.6903115658997283e-01  -8.1038575161877346e-01   3.2420040120374636e-03  -3.2248833884948478e-03
   1.9300000000000000e+02   5.8350499155106631e-03  -3.6698343986792472e-04   5.6498196220652919e-01  -8.1316684869565514e-01   3.2291732770247323e-03  -3.2600526200066487e-03
   1.9400000000000000e+02   5.8541488960940158e-03  -3.9381417871787013e-04   5.6091128363068454e-01  -8.1592970928204678e-01   3.2037704308255947e-03  -3.3050025112868866e-03
   1.9500000000000000e+02   5.8750756381234399e-03  -4.2296096125634829e-04   5.5683396898341764e-01  -8.1866688882730754e-01   3.1930931542907158e-03  -3.3396295475605206e-03
   1.9600000000000000e+02   5.8937289374221017e-03  -4.5139950578656666e-04   5.5274626297460505e-01  -8.2138176563074894e-01   3.1831197910906139e-03  -3.3740913141226264e-03
   1.9700000000000000e+02   5.9125526485129826e-03  -4.8063297938073150e-04   5.4864502396320747e-01  -8.2407513116157538e-01   3.1724341447954881e-03  -3.4091915961803401e-03
   1.9800000000000000e+02   5.9302910616084673e-03  -5.0863938420073586e-04   5.4453012099328579e-01  -8.2674985317426919e-01   3.1628234319847790e-03  -3.4428308745599245e-03
   1.9900000000000000e+02   5.9483024006342948e-03  -5.3611677158227659e-04   5.4040165499895454e-01  -8.2940594109361576e-01   3.1519981848566123e-03  -3.4773945159049680e-03
   2.0000000000000000e+02   5.9660301486016516e-03  -5.6514244092761487e-04   5.3626460773698126e-01  -8.3203889293506594e-01   3.1419800276596154e-03  -3.5110601834008586e-03
   2.0100000000000000e+02   5.9830054018075243e-03  -5.9253435699166954e-04   5.3211683881987615e-01  -8.3465029016877323e-01   3.1321306097700946e-03  -3.5485006404241863e-03
   2.0200000000000000e+02   5.9997807521671694e-03  -6.2124853701069559e-04   5.2795327220524613e-01  -8.3724409406205214e-01   3.1221688856665347e-03  -3.5837212875306414e-03
   2.0300000000000000e+02   6.0178053497058478e-03  -6.4917847015286015e-04   5.2377519166675313e-01  -8.3981870663072844e-01   3.1099041325214891e-03  -3.6196133784814058e-03
   2.0400000000000000e+02   6.0355520122617181e-03  -6.7590006664963991e-04   5.1958622989305536e-01  -8.4237052336972229e-01   3.0970746454073370e-03  -3.6577254928454551e-03
   2.0500000000000000e+02   6.0514964667036202e-03  -7.0467388914733254e-04   5.1538568428317255e-01  -8.4490064929261277e-01   3.0837281723138416e-03  -3.6904905636923595e-03
   2.0600000000000000e+02   6.0685153687448984e-03  -7.3186645226209015e-04   5.1117433210311525e-01  -8.4741053445509396e-01   3.0704422373854035e-03  -3.7259317443869488e-03
   2.0700000000000000e+02   6.0849196347348752e-03  -7.6323319629043485e-04   5.0694993310039338e-01  -8.4989899162359028e-01   3.0575098666024460e-03  -3.7609133164706945e-03
   2.0800000000000000e+02   6.0986543603798191e-03  -7.9399460769920629e-04   5.0271024030105904e-01  -8.5237127244670263e-01   3.0488320218806271e-03  -3.7913823973613073e-03
   2.0900000000000000e+02   6.1180562896360159e-03  -8.1968254114273692e-04   4.9845862305336025e-01  -8.5481594734357602e-01   3.0292419674211712e-03  -3.8314580293753791e-03
   2.1000000000000000e+02   6.1342851768062725e-03  -8.4840209386409981e-04   4.9420210995689229e-01  -8.5723908238310520e-01   3.0153216083072445e-03  -3.8659047294038401e-03
   2.1100000000000000e+02   6.1564016329375745e-03  -8.7435023208335793e-04   4.8992760614295444e-01  -8.5964575993272996e-01   2.9969552575123608e-03  -3.9071600150608699e-03
   2.1200000000000000e+02   6.1656875494063186e-03  -9.0615601206718490e-04   4.8564766214014066e-01  -8.6202825038085773e-01   2.9835552820949751e-03  -3.9329708703183374e-03
   2.1300000000000000e+02   6.1820575411283439e-03  -9.3507133586892652e-04   4.8134978348848606e-01  -8.6439222201042964e-01   2.9667338078336060e-03  -3.9678589683657551e-03
   2.1400000000000000e+02   6.1983715674107740e-03  -9.6491489929018148e-04   4.7703892245474816e-01  -8.6673337103783499e-01   2.9484468846839003e-03  -4.0002253402465623e-03
   2.1500000000000000e+02   6.2126071206552473e-03  -9.9499891745097107e-04   4.7272443304744838e-01  -8.6905069771388688e-01   2.9308554658017179e-03  -4.0323004810979522e-03
   2.1600000000000000e+02   6.2282446911640747e-03  -1.0229017879600755e-03   4.6840319596357977e-01  -8.7134526806070478e-01   2.9141722537039212e-03  -4.0647284676412956e-03
   2.1700000000000000e+02   6.2436906945140700e-03  -1.0520474143586732e-03   4.6406734609082118e-01  -8.7361944522068713e-01   2.8956048609509407e-03  -4.0966499167183583e-03
   2.1800000000000000e+02   6.2591889358759450e-03  -1.0811220628068009e-03   4.5971319102547969e-01  -8.7587721794952345e-01   2.8758282225407345e-03  -4.1278500156066182e-03
   2.1900000000000000e+02   6.2729260753216611e-03  -1.1107024823884060e-03   4.5535205845581156e-01  -8.7811075864829868e-01   2.8572324476756638e-03  -4.1569370713712946e-03
   2.2000000000000000e+02   6.2881575300390239e-03  -1.1407713344733668e-03   4.5098501017813603e-01  -8.8031997162645970e-01   2.8394101972644336e-03  -4.1873887268340827e-03
   2.2100000000000000e+02   6.3026381589872749e-03  -1.1697660655440177e-03   4.4660940666045484e-01  -8.8250672600984270e-01   2.8187881803231223e-03  -4.2187130506251575e-03
   2.2200000000000000e+02   6.3164008494609909e-03  -1.2006788846988105e-03   4.4221819115928834e-01  -8.8467503850432039e-01   2.7983919395778317e-03  -4.2478816879144340e-03
   2.2300000000000000e+02   6.3313392530508130e-03  -1.2295798279345321e-03   4.3781240554443113e-01  -8.8682559270666483e-01   2.7772102450299508e-03  -4.2795693776868874e-03
   2.2400000000000000e+02   6.3450198230811834e-03  -1.2598809954101190e-03   4.3339844516976772e-01  -8.8895041228151273e-01   2.7558963118178592e-03  -4.3079440461440081e-03
   2.2500000000000000e+02   6.3588048403958831e-03  -1.2901821864310446e-03   4.2898274607908121e-01  -8.9105007483497800e-01   2.7368805751725248e-03  -4.3350968088849912e-03
   2.2600000000000000e+02   6.3726864940637758e-03  -1.3199950752445738e-03   4.2455286996156338e-01  -8.9312892454195292e-01   2.7136772283539935e-03  -4.3651757480608466e-03
   2.2700000000000000e+02   6.3864078838978388e-03  -1.3512981850972603e-03   4.2010901847584098e-01  -8.9518827993567152e-01   2.6925014228887183e-03  -4.3959473940705105e-03
   2.2800000000000000e+02   6.3988317465446150e-03  -1.3796771957501365e-03   4.1565351451586402e-01  -8.9722902293882856e-01   2.6702693057234174e-03  -4.4246854040022824e-03
   2.2900000000000000e+02   6.4137743027399769e-03  -1.4109594195202597e-03   4.1119071045298078e-01  -8.9924568845129149e-01   2.6456516194922155e-03  -4.4514108545716620e-03
   2.3000000000000000e+02   6.4263123521814064e-03  -1.4395424246244264e-03   4.0671957434408318e-01  -9.0123895055717507e-01   2.6234437948882677e-03  -4.4818132907300670e-03
   2.3100000000000000e+02   6.4397325494174873e-03  -1.4701988127202605e-03   4.0223903954575885e-01  -9.0320947614336067e-01   2.6006731985914445e-03  -4.5086278287457425e-03
   2.3200000000000000e+02   6.4525297634666478e-03  -1.5002266814158590e-03   3.9774765611565849e-01  -9.0515972699000091e-01   2.5770599248733307e-03  -4.5381203771242429e-03
   2.3300000000000000e+02   6.4650050369755210e-03  -1.5320428430390602e-03   3.9324467643864475e-01  -9.0708594254073716e-01   2.5550087445760103e-03  -4.5629310891509645e-03
   2.3400000000000000e+02   6.4769796070340297e-03  -1.5624343109662039e-03   3.8873557317861024e-01  -9.0899054575007976e-01   2.5317291182125152e-03  -4.5909728210299173e-03
   2.3500000000000000e+02   6.4905316173570708e-03  -1.5936527637687016e-03   3.8421548176272530e-01  -9.1087188956119036e-01   2.5067927369819280e-03  -4.6180578828534024e-03
   2.3600000000000000e+02   6.5015256784495745e-03  -1.6256760711015888e-03   3.7968813942316321e-01  -9.1273173232684446e-01   2.4835229990894736e-03  -4.6422443773596334e-03
   2.3700000000000000e+02   6.5136945777437404e-03  -1.6559809340311257e-03   3.7515023304261330e-01  -9.1456976754228936e-01   2.4598265105034330e-03  -4.6705919986263587e-03
   2.3800000000000000e+02   6.5271926185053938e-03  -1.6868765666603336e-03   3.7060539339779891e-01  -9.1638330160420611e-01   2.4344252260974429e-03  -4.6974479468642758e-03
   2.3900000000000000e+02   6.5382039268974471e-03  -1.7179317284601041e-03   3.6605183622246296e-01  -9.1817495492350343e-01   2.4097745137307272e-03  -4.7206534417919659e-03
   2.4000000000000000e+02   6.5493870471715933e-03  -1.7489314816374675e-03   3.6149117297578554e-01  -9.1994531983033667e-01   2.3841352366863475e-03  -4.7468719364189222e-03
   2.4100000000000000e+02   6.5604558966744176e-03  -1.7794810778761761e-03   3.5692264644410671e-01  -9.2169198014542941e-01   2.3586078178740059e-03  -4.7701708011976427e-03
   2.4200000000000000e+02   6.5710694144357181e-03  -1.8113515821730432e-03   3.5234829541866741e-01  -9.2341535374587402e-01   2.3345640300993465e-03  -4.7956373373958163e-03
   2.4300000000000000e+02   6.5822190197702725e-03  -1.8428456543704925e-03   3.4776439180757274e-01  -9.2511692111423349e-01   2.3084124834294052e-03  -4.8225602803415486e-03
   2.4400000000000000e+02   6.5927712070246785e-03  -1.8742921085387549e-03   3.4316932923913657e-01  -9.2679724135177477e-01   2.2814366631397627e-03  -4.8477728196445235e-03
   2.4500000000000000e+02   6.6031820291534140e-03  -1.9045467993830847e-03   3.3856629368367852e-01  -9.2845379092614488e-01   2.2560324844298741e-03  -4.8722926134487209e-03
   2.4600000000000000e+02   6.6131077692268506e-03  -1.9367935065613248e-03   3.3395736290161548e-01  -9.3008615348956947e-01   2.2301784159175259e-03  -4.8955316197344181e-03
   2.4700000000000000e+02   6.6230151074244490e-03  -1.9676768945500272e-03   3.2934301671003485e-01  -9.3169561315800520e-01   2.2044344639806390e-03  -4.9214584147224769e-03
   2.4800000000000000e+02   6.6336486646182665e-03  -1.9986394807873487e-03   3.2471708219853584e-01  -9.3328341108833723e-01   2.1772999510977849e-03  -4.9457533190071963e-03
   2.4900000000000000e+02   6.6424768696181956e-03  -2.0297206060392705e-03   3.2008432053878560e-01  -9.3484987242469453e-01   2.1521070223632483e-03  -4.9711196983295578e-03
   2.5000000000000000e+02   6.6528193597052065e-03  -2.0617782511282972e-03   3.1544683665326989e-01  -9.3639089970504807e-01   2.1247043940701370e-03  -4.9963600330201361e-03
